1 1531 0.6489883914226847 0.9936012272681303
2 2758 0.5758481557084484 1.5881892134439006
3 2203 0.6370613878493602 1.4034462374321404
4 3555 1.0211486231725386 3.630183355378375
5 4086 0.9231921289286834 3.7721630388026006
6 3840 1.1274938493036821 4.329576381326139
7 3648 0.9727253833860953 3.5485021985924754
8 3938 0.9597617031507799 3.7795415870077713
9 4757 1.0014976149799621 4.7641241544596795
10 3906 1.089400342510298 4.255197737845224
11 4649 1.0103959018165154 4.69733054754498
12 3867 1.0649413905635756 4.118128357309347
13 4103 1.1047804034547397 4.5329139953747974
14 6922 0.9483947483000155 6.564788447732707
15 9381 1.0429045092719158 9.783487201479842
16 3318 1.0336248974412068 3.4295674097099242
17 3454 1.040681815671284 3.594514991328615
18 8445 1.0669700237631838 9.010561850680087
19 6626 0.9630044179789023 6.3808672735282075
20 2586 0.9618192658649328 2.4872646215267165
21 2735 0.9458657023240747 2.5869426958563446
22 2805 0.9534517333678544 2.6744321120968317
23 3321 0.925063543008064 3.0721360263297806
24 4641 1.0556963015200083 4.899486535354359
25 4748 1.0674781664194397 5.0683863341594995
26 11156 1.1284610609635861 12.589111596109765
27 10406 1.1580036905368392 12.050186403726348
28 11216 1.1328500913521253 12.706046624605438
29 3125 1.0179125212893276 3.180976629029149
30 3992 0.8990104171543265 3.5888495852800717
31 3294 1.0246650015247327 3.3752465150224693
32 3172 0.9905678005485964 3.142081063340148
33 3922 0.9711370025894486 3.8087993241558173
34 9546 1.065602831654739 10.172244630976138
35 3627 1.0655013609863175 3.864573436297374
36 9293 1.0974515178004636 10.198616954919707
37 9008 1.0825202598894177 9.751342501083874
38 7586 1.0159324878442089 7.706863852786167
39 12085 1.1385508371324562 13.759386866745732
40 11532 1.1582190640860646 13.356582247040496
41 12049 1.1141596644651621 13.424509797140738
42 11895 1.1405625738058345 13.566991815420403
43 10250 1.1089371924248028 11.366606222354228
44 5492 1.0099617504426044 5.546709933430783
45 5328 1.051933673394536 5.604702611846087
46 6395 0.9564912560731713 6.11676158258793
47 7391 1.024419494360834 7.571484482820924
48 6040 0.9800836904410353 5.919705490263853
49 34827 0.6000981923185086 20.8996197438767
50 60977 0.4551331726175804 27.752655466702198
51 11558 1.2618560773846972 14.584532542412331
52 11435 1.1637312496840337 13.307266840136924
53 39773 0.5738867903735682 22.825199313527925
54 7658 1.089796989891797 8.345665348591382
55 7125 1.1775033955748564 8.389711693470852
56 6586 1.122989346650967 7.3960078370432685
57 7688 1.1007217063652683 8.462348478536184
58 8226 1.023261786821874 8.417351458396736
59 23406 0.8080652230987697 18.913574611849803
60 60867 0.47589968430422475 28.96658608454525
61 10407 1.332905597782577 13.871548556123278
62 11532 1.2485665927923661 14.398469948081567
63 11551 1.2290348410146001 14.196581448559648
64 2733 0.8020441913840454 2.191986775052596
65 2820 0.8127959650990545 2.2920846215793333
66 3709 0.7756600170772202 2.8769230033394098
67 3063 0.7633599639339175 2.3381715695295893
68 3156 0.7600029176288701 2.398569208036714
69 7720 1.1476440123538574 8.85981177537178
70 60762 0.45131373810115366 27.422725354502298
71 8799 1.347462340850137 11.856321137140354
72 8764 1.1725349483373875 10.276096287228864
73 9657 1.0810818075845694 10.440007015844186
74 10013 1.1644417983326143 11.659555726704468
75 10492 1.226241143877638 12.865722081564178
76 4625 1.0268272477066505 4.749076020643259
77 4805 1.0440308093474322 5.016568038914412
78 3914 1.0832265192707464 4.239748596425701
79 5898 0.745777006113196 4.39859278205563
80 6281 1.1384357948547892 7.150515227482932
81 3243 1.0007514145651801 3.245436837434879
82 2998 1.10240396288127 3.3050070807180476
83 3617 0.968860079570917 3.504366907808007
84 4391 1.14345023390955 5.020889977096835
85 6875 1.035723136812398 7.120596565585237
86 4508 1.1064828003616698 4.988024464030407
87 10502 1.220077163553205 12.81325037163576
88 11608 1.200636137655836 13.936984285908945
89 5625 1.0603924391956936 5.964707470475777
90 6546 1.0715979102131992 7.014679920255602
91 5742 1.1505499200192124 6.6064576407503175
92 29925 0.7011239499067441 20.981134200959318
93 6328 1.089526843050369 6.894525862822736
94 10906 1.283349130910865 13.996205621713894
95 9641 1.2248832346069336 11.809099264845447
96 10216 1.2159621288650964 12.422269108485823
97 11180 1.2440677395350328 13.908677328001668
98 9820 1.239398842625202 12.170896634579485
0 13892 0.6906981306165113 9.595178430524575
1 14010 0.6631940149230212 9.291348149071528
2 14332 0.676819320865376 9.700174506642568
3 13963 0.6730084609710191 9.39721714053834
4 13153 0.6813587275447821 8.961911343396519
5 13495 0.6523297644764793 8.803190171610087
6 13118 0.7112591921183905 9.330298082209048
7 14110 0.676802530434537 9.549683704431317
0 13350 0.6877091865831426 9.180917640884955
1 14523 0.6851850197910039 9.95094204242475
2 14660 0.7759248144941127 11.375057780483692
3 13776 0.690208827326019 9.508316805243238
4 15438 0.6664105040614581 10.28804536170079
5 13252 0.687367849808123 9.108998745657248
0 13791 0.7551465229351247 10.414225697798305
1 13235 0.7963003097813376 10.539034599956004
2 13821 0.7508750378084791 10.377843897550989
3 14848 0.7292300688350529 10.827608062062865
4 14263 0.7536893756135598 10.749871564376203
5 13992 0.7285946866048983 10.194496854975737
6 14305 0.7280096035996485 10.414177379492973
7 13779 0.7272707602674187 10.021063805724761
8 13985 0.6909334117568123 9.662703763419021
9 13910 0.7062216771700888 9.823543529435934
10 14502 0.6941727436454399 10.06689312834617
1 2969 0.708866894094025 2.10462580856516
2 2226 0.7968772243020393 1.7738487012963395
3 3180 0.6860079833718918 2.1815053871226158
4 2641 0.8048319477530093 2.125561174015697
5 2648 0.6907685322728785 1.8291550734585822
6 2976 0.6946119929405471 2.0671652909910683
7 3234 0.6931045566867242 2.2415001363248663
8 2500 0.6908135449703761 1.7270338624259403
9 2804 0.7107830780443651 1.9930357508364
12 22345 0.8508419126197698 19.012062537488756
14 20088 0.8690777992637783 17.458034831610778
19 18329 0.8704113174768398 15.953769038032997
20 23965 0.8264320422627602 19.8054438928270
22 27017 0.7524025006773754 20.32765836080065
1 2938 0.6904679638861908 2.028594877897629
2 2774 0.7328925973342084 2.033044065005094
3 26791 0.7597689311637835 20.354969434808925
4 11152 0.9034470160909918 10.07524112344674
5 12399 0.9289579049463715 11.51814906343006
6 13933 0.8326359111745943 11.601116150395622
8 35313 0.5379976356691709 18.998310508385433
9 15492 0.823627403712915 12.75963573832048
12 18320 0.7525466879989439 13.786655324140652
0 10875 0.9498687771597334 10.329822951612101
1 9873 0.9328562161714281 9.21008942226051
2 10862 0.919549597162716 9.98814772438142
3 10072 0.9695200633605778 9.76500607816774
4 10180 0.9206470981387462 9.372187459052437
5 10167 0.9402959902117126 9.559989332482482
6 9743 0.9486265980486943 9.242468944788428
7 10217 0.9458317943986017 9.663563443370514
8 9653 0.9388192649857634 9.062422364907574
9 9848 0.9206626182613473 9.066685464637748
10 9982 0.9538748885391108 9.521579137397405
11 10234 1.3100585642359985 13.40713934639121
12 11944 1.230495488575704 14.697038115548208
0000000000000000001 2609 0.1632834925770646 0.42600663213356155
0000000000000000012 18320 0.7525466879989439 13.786655324140652
1 4445 0.7710744946197028 3.4274261285845786
2 4851 0.7668537071546176 3.7200073334070503
3 3992 0.7613870358326423 3.039457047043908
4 3860 0.7418398721242271 2.8635019063995166
5 4320 0.7349486108689294 3.174977998953775
6 3476 0.7813275640304399 2.715894612569809
7 4304 0.7028471127212007 3.025053973152048
8 4312 0.7347422337058415 3.1682085117395884
9 4384 0.7800363315169015 3.419679277370096
10 4546 0.6767982403746563 3.0767248007431878
11 3828 0.783033947408129 2.997453950678318
12 4179 0.7462761282893331 3.118687940121123
13 2593 0.902377113487657 2.3398638552734945
14 3790 0.75464960250973 2.8601219935118767
15 3844 0.761217139662961 2.926118684864422
16 4969 0.6803167489714401 3.380493925639086
17 3571 0.8698145612298668 3.106107798151854
18 4351 0.7417511526207813 3.2273592650530194
19 3578 0.7984718906438332 2.856932424723635
20 4124 0.7515601576686519 3.0994340902255204
21 3602 0.8286108907665527 2.984656428541123
22 4118 0.7664184941290751 3.1561113588235314
23 3875 0.7354279896433183 2.849783459867859
24 6539 0.6124306976540947 4.004684331960125
25 3711 0.772596233062078 2.8671046208933717
26 4748 0.6887934823188737 3.2703914540500123
27 4336 0.7889201665992164 3.420757842374202
28 4429 0.6859202929604271 3.037940977521732
10 602 0.3732540940372024 0.22469896461039585
11 695 0.30307984144548655 0.21064048980461314
13 890 0.2060423646074689 0.1833777045006473
15 1894 0.27571642934491963 0.5222069171792778
17 1813 0.2702116191084114 0.4898936654435499
18 414 0.4180318036102388 0.17306516669463887
19 1524 0.2604975123687898 0.3969982088500357
20 1551 0.3276057331259145 0.5081164920782933
21 2075 0.24976331282691466 0.5182588741158479
22 1461 0.21931389074917323 0.3204175943845421
23 680 0.21570271927202686 0.14667784910497828
25 2403 0.26117852916981316 0.6276120055950609
27 1180 0.253407564267829 0.29902092583603823
28 1570 0.1765852859196731 0.27723889889388675
4 1508 1.0184141153703032 1.535768485978417
5 617 0.8102921583166558 0.49995026168137663
6 1350 0.830344945693662 1.1209656766864438
7 1836 0.7965093565285545 1.462391178586426
8 789 0.8120660933233699 0.6407201476321388
10 2475 0.6556231769246024 1.622667362888391
11 1969 0.8017781943016179 1.5787012645798857
14 1560 0.7478148054783444 1.1665910965462174
15 2382 0.6928937695432461 1.6504729590520122
16 1625 0.8879031829886728 1.4428426723565932
17 1894 0.7389923564497569 1.3996515231158395
19 1456 0.7554086747996425 1.0998750305082794
20 3056 0.6618469476435448 2.0226042719986728
21 2203 0.8099083646245601 1.784228127267906
22 1195 0.7469285235590244 0.8925795856530342
23 1515 0.7033354012663017 1.065553132918447
0 2852 0.7145735516388054 2.037963769273873
1 3226 0.7589476176421318 2.448365014513517
2 2852 0.7145735516388054 2.037963769273873
3 2593 0.7359497845593111 1.9083177913622937
4 3508 0.6491007808540253 2.277045539235921
5 4359 0.6846622250655849 2.9844426390608847
6 3566 0.6897071965183642 2.4594958627844865
7 3703 0.6619433458428229 2.4511762096559733
8 2619 0.7684111163529989 2.012468713728504
9 2758 0.7279860271487782 2.0077854628763303
10 2899 0.731817256679606 2.1215382271141774
11 3875 0.6317854233245022 2.448168515382446
12 2898 0.7992208256903086 2.3161419528505145
13 2804 0.7100651665095026 1.9910227268926453
14 3414 0.6874633753842715 2.346999963561903
15 2839 0.721027682496365 2.0469975906071802
16 3484 0.6576579252712773 2.2912802116451303
17 3697 0.7735776737849009 2.8599166599827788
18 3664 0.6720373640615346 2.4623449019214627
19 2774 0.767605013184061 2.1293363065725854
20 4172 0.8080318670668611 3.3711089494029447
21 3469 0.8546001238934214 2.9646078297862792
22 3101 0.7042884710402758 2.1839985486958953
23 3703 0.7957448264489178 2.9466430923403424
24 2782 0.8622652803888946 2.3988220100419047
25 4725 0.6491218155660103 3.067100578549399
26 3195 0.8195976281279654 2.6186144218688496
27 2934 0.788883938296547 2.314585474962069
28 3742 0.8006202407610006 2.995920940927664
29 2929 0.739223306596781 2.1651850650219715
30 3156 0.9081028729392533 2.8659726669962833
31 4508 0.6830149110778796 3.079031219139081
32 3352 0.8483549271960763 2.843685715961248
33 4930 0.6527329642570704 3.2179735137873573
34 3410 1.4870948653516733 5.070993490849206
35 2774 0.7775081315893707 2.1568075570289142
36 3110 0.8174321759896047 2.542214067327671
37 2867 0.8214745351529477 2.355167492283501
38 2922 0.83386237556309 2.4365458613953486
39 2992 0.7628227310280584 2.2823656112359507
40 3125 0.7937231638949912 2.4803848871718475
41 2899 0.7394688328625241 2.143720146468457
42 1461 0.8160099709129963 1.1921905675038877
43 3672 0.7400449886048271 2.7174451981569256
44 2721 0.709929621036574 1.9317184988405178
45 3656 0.7501030966732146 2.742376921437273
46 7399 0.5791004430346868 4.284764178013647
47 1899 0.8041641095469882 1.5271076440297306
48 3438 0.6629125849307421 2.2790934669918914
49 3086 0.6986519277465999 2.156039849026007
50 3437 0.6782226293296695 2.331051177006074
51 3414 0.6710121005588655 2.290835311307967
52 2617 0.8024516795100158 2.1000160452777115
53 6400 0.6141030048512649 3.9302592310480953
54 4196 0.755233199280043 3.16895850417906
55 3922 0.7475440295966748 2.9318676840781586
56 3976 0.7168849451975668 2.850334542105526
57 3914 0.7698731921465694 3.0132836740616726
58 3757 0.7184042438939144 2.6990447443094365
59 3828 0.7153612950526896 2.738403037461696
60 5206 0.6326283154708444 3.293463010341216
61 3031 0.6988157860949843 2.1181106476538973
62 4492 1.3307394384911835 5.977681557702396
63 7661 1.332865253265152 10.211080705264328
64 4391 0.8193434211824918 3.5977369624123217
65 4714 0.7483007431394522 3.5274897031593775
66 7488 0.680422221971626 5.0950015981235355
67 3312 0.772605361717195 2.55886895800735
68 3336 0.8266536475480626 2.757716568220337
69 3888 0.7298934341582326 2.837825672007208
70 3344 0.83320532662614 2.786238612237812
71 3245 0.7453079555555435 2.4185243157777387
72 2742 0.7596669843429781 2.083006871068446
73 4250 0.8676238240249411 3.6874012521059996
74 4961 0.7790813787763737 3.86502272010959
75 1344 0.9122618720109015 1.2260799559826516
76 4742 0.6798228324514932 3.223719871484981
77 1534 0.9454163983343206 1.4502687550448476
78 3773 0.7242232881192846 2.7324944660740607
79 3842 0.754221834640938 2.8977202886904836
80 3257 0.7928878007380308 2.5824355670037664
81 3524 0.8742617403373766 3.080898372948915
82 3922 0.7906748140943671 3.1010266208781077
83 4200 0.7958616646225927 3.342618991414889
84 3578 1.090852992210939 3.9030720061307393
85 3250 0.9296054424772936 3.0212176880512045
86 3273 1.054268975189265 3.450622355794465
87 3461 1.2158186614996744 4.207948387450373
88 3570 1.6941547374135844 6.048132412566496
89 3688 1.0516974986297487 3.878660374946513
90 2524 1.4030885741294556 3.5413955611027457
91 3360 1.2254271089633562 4.117435086116877
92 3941 0.8724798845777295 3.4384432251208317
93 3211 0.8246411165060111 2.6479226251008017
94 3906 0.7791443649533104 3.0433378895076304
95 3844 0.7558363806564065 2.9054350472432264
96 2598 0.8486695923706894 2.2048436009790513
97 3297 0.7797827079230286 2.5709435880222253
98 3187 0.780570631503878 2.487678602602859
99 3716 0.8548801490123592 3.176734633729927
100 2680 0.9783799511755807 2.6220582691505565
101 4000 0.8261428263622643 3.3045713054490573
102 3862 0.7917253760348618 3.0576434022466366
103 3469 0.8097014778175035 2.8088544265489195
104 8885 0.6248680815130312 5.551952904243282
105 3771 0.7784869153523301 2.935674157793637
106 3446 0.7745737973540745 2.6691813056821405
107 4055 0.7908970171919957 3.2070874047135427
108 3219 0.85649827657633 2.7570679522992063
109 3860 0.8143483681159054 3.143384700927395
110 3432 0.9344568961020874 3.207056067422364
111 4039 0.8770872578293886 3.5425554343729004
112 3884 0.791759975985479 3.0751957467276
113 3742 0.7943881119971005 2.97260031509315
114 3922 0.790280266467146 3.0994792050841466
115 3789 0.8361640764911078 3.1682256858248072
116 3117 0.9268164175272485 2.8888867734324335
117 3531 0.8213333673829654 2.9001281202292506
118 3938 0.8834080386468254 3.4788608561911984
119 3914 0.8682580614329218 3.398362052448456
120 2848 0.9002097125222146 2.563797261263267
121 2344 0.994333953393956 2.330718786755433
122 3555 0.9398594730282155 3.3412004266153064
123 3500 0.8870856095975004 3.1047996335912513
124 3359 0.8771494485931363 2.946344997824345
125 3750 0.823091970900846 3.0865948908781724
126 3203 0.9645908655669566 3.0895845424109623
127 3825 0.781679207499182 2.989922968684371
128 3164 0.8155391893167555 2.5803659949982145
129 3750 0.8010813246181042 3.0040549673178907
130 3562 0.7751041738058563 2.7609210670964597
131 3191 0.8310058677594006 2.6517397240202474
132 3243 0.8318217887234028 2.6975980608299954
133 4203 0.7844829252447317 3.2971817348036074
134 3375 0.9280901949057956 3.13230440780706
135 3906 0.8480945487208885 3.3126573073037906
136 1633 1.0719718004437417 1.7505299501246305
137 3289 0.9328406585645226 3.0681129260187148
138 4055 1.003336458321909 4.068529338495342
139 3654 1.039442310173738 3.798122201374839
140 3313 1.1922666287014954 3.949979340888054
141 3969 1.0388425899482865 4.123166239504749
142 3476 1.0216933529455123 3.551406094838601
143 3883 0.9187117669092614 3.567357790908662
144 3305 0.8539093943958638 2.8221705484783297
145 4180 0.8125489708656976 3.3964546982186157
146 3515 0.8844893672020833 3.1089801257153225
147 3325 1.1271444352913789 3.7477552473438345
148 3539 0.8854403295394858 3.1335733262402403
149 3625 0.8007799504345802 2.902827320325353
0 3875 0.6538319518288002 2.5335988133366003
1 2680 0.6455843190954575 1.730165975175826
2 3875 0.6538319518288002 2.5335988133366003
3 3976 0.6842224940558282 2.720468636365973
4 3438 0.6903386910976935 2.3733844199938705
5 4039 0.6861173731026626 2.7712280699616545
6 3320 0.7072225704353116 2.3479789338452344
7 3172 0.7490574002568207 2.3760100736146352
8 2711 0.7538947673908722 2.0438087143966546
9 3508 0.7082713890832356 2.48461603290399
10 3406 0.6889224643696589 2.346469913643058
11 3508 0.7031572099477262 2.4666754924966234
12 3953 0.7051047117937368 2.787278925720641
13 3446 0.6959628648064868 2.398288032123154
14 3703 0.6605233177909401 2.445917845779851
15 3016 0.7392120979815229 2.229463687512273
16 2902 0.7591925726325393 2.203176845779629
17 3399 0.7574202571168153 2.5744714539400553
18 3851 0.6968145766158383 2.6834329345475934
19 3697 0.6808311387341058 2.5170327198999893
20 4086 0.6421190370221868 2.623698385272655
21 3743 0.7589226084318338 2.8406473233603537
22 3563 0.6935769178573326 2.471214558325676
23 3524 0.702501776074584 2.475616258886834
24 3520 0.6968032356442536 2.4527473894677727
25 3594 0.6677279318146615 2.399814186941893
26 3649 0.7332287950283963 2.6755518730586183
27 3523 0.7284587017739804 2.5663600063497327
28 3109 0.7704967724443079 2.3954744655293534
29 3406 0.665792171442529 2.2676881359332537
30 3828 0.8515597053465531 3.2597705520666054
31 1907 0.8828136777554771 1.6835256834796948
32 3649 0.7080521314143857 2.583682227531093
33 3258 0.8387745443865127 2.732727465611258
34 2616 0.8259727240590199 2.160744646138396
35 3640 0.7944628408306539 2.89184474062358
36 3383 0.7123945023695272 2.4100306015161106
37 3250 0.7359143756673024 2.3917217209187327
38 3226 0.7085903888867486 2.2859125945486514
39 3758 0.6806436865059547 2.557858973889378
40 3954 0.6642975652583135 2.6266325730313715
41 2891 0.7673580041196663 2.218431989909955
42 3774 0.6920895419170565 2.6119459311949713
43 3453 0.7168040086523455 2.475124241876549
44 3391 0.7833982019827508 2.656503302923508
45 5250 0.6113209307454123 3.2094348864134146
46 3907 0.7188662845950762 2.8086105739129623
47 17371 0.5458548588746864 9.482044753512179
48 3563 0.7196421905630781 2.564085124976247
49 3820 0.6955595353735521 2.657037425126969
50 3641 0.7330763929070776 2.6691311465746694
51 5219 0.5971773470534699 3.11666857427206
52 3789 0.6899756679955432 2.6143178060351135
53 3445 0.6931306002090537 2.38783491772019
54 3414 0.7075438041172714 2.4155545472563644
55 3245 0.743988121939786 2.4142414556946057
56 3609 0.7026861527943327 2.535994325434747
57 3452 0.7216689751955918 2.491201302375183
58 3554 0.7379322352142681 2.622611163951509
59 3008 0.8067755672597284 2.426780906317263
60 3673 0.765328299032828 2.8110508423475773
61 3500 0.7510515576431454 2.6286804517510087
62 3545 0.7419039500111003 2.6300495027893507
63 2859 0.8127085541750767 2.3235337563865444
64 3200 0.7790966320877315 2.493109222680741
65 3860 0.7076300571280589 2.7314520205143076
66 6754 0.5552878237348042 3.7504139615048677
67 5164 0.6789691973284003 3.5061969350038593
68 3273 0.740291410619631 2.4229737869580523
69 3508 0.7474751657205401 2.6221428813476546
70 3406 0.7470374812411303 2.54440966110729
71 3453 0.7199802435109579 2.4860917808433376
72 2674 0.7429489305360111 1.9866454402532936
73 3859 0.7183570201115753 2.7721397406105694
74 3510 0.750133368835954 2.6329681246141985
75 3648 0.7217480348724081 2.6329368312145447
76 3390 0.8382670473204471 2.8417252904163157
77 3413 0.8188751360765766 2.794820839429356
78 3571 0.7350332424151378 2.6248037086644573
79 3286 0.7283146570707786 2.3932419631345785
80 3109 0.7460873417682249 2.319585545557411
81 3833 0.8282424555678058 3.1746533321914
82 3320 0.7073757991366332 2.3484876531336223
83 3348 0.722478703027397 2.4188586977357254
84 3422 0.7519130275798993 2.5730463803784156
85 3450 0.7926442083369065 2.7346225187623276
86 3555 0.7162036530225683 2.5461039864952304
87 3423 0.7763721046387724 2.6575217141785177
88 3070 0.8061650363032873 2.474926661451092
89 3883 0.6908900317107685 2.682725993132914
90 3821 0.7649981738869084 2.923058022421877
91 4109 0.7280861008542975 2.991705788410308
92 3747 0.7346723796003256 2.75281740636242
93 3828 0.7252608217409346 2.776298425624298
94 3609 0.7433131456776605 2.6826171427506766
95 3687 0.7213899958258264 2.659764914609822
96 2766 0.7964561147963728 2.202997613526767
97 3932 0.7782769678797852 3.0601850377033153
98 3797 0.7373570077761166 2.799744558525915
99 3922 0.6679070038287493 2.6195312690163552
100 3461 0.7957368831857458 2.7540453527058664
101 3470 0.7362916437936512 2.5549320039639696
102 3922 0.7404335295704237 2.903980302975202
103 3593 0.8024197723300156 2.883094241981746
104 3508 0.7626542087292427 2.675390964222183
105 3664 0.7102051327668473 2.6021916064577284
106 3610 0.7340566937016724 2.6499446642630375
107 3383 0.8369266446186316 2.8313228387448306
108 3429 0.7560605313296328 2.5925315619293112
109 3649 0.9508128323686804 3.469516025313315
110 3602 0.7436942840360432 2.6787868110978277
111 1672 0.503142365512249 0.8412540351364804
112 3508 0.7626542087292427 2.675390964222183
113 3610 0.7340566937016724 2.64994466426303
114 3649 0.9508128323686804 3.469516025313315
115 2203 0.9955583264579919 2.1932149931869565
116 3875 0.7538868062685121 2.921311374290484
117 3477 0.7363294528200551 2.5602175074553317
118 3906 0.7317467899036734 2.858202961363748
119 3656 0.7860318838928081 2.8737325675121066
120 3289 0.8248593542902412 2.7129624162606034
121 3648 0.7321640735751714 2.6709345404022256
122 3804 0.7686066728181661 2.9237797834003034
123 3679 0.730090753139482 2.6860038808001545
124 3593 0.7577256683746593 2.722508326470151
125 3899 0.7061545786237255 2.753296702053906
126 3684 0.7531076735665598 2.7744486694192063
127 3500 0.8076927192182388 2.8269245172638358
128 3449 0.7696014950718478 2.654355556502803
129 2656 0.6852787162368166 1.820100270324985
130 2385 0.7291009091851388 1.738905668406556
131 2742 0.6319502644324104 1.7328076250736695
132 2348 0.6501720367167813 1.5266039422110025
133 2360 0.6815428812189452 1.6084411996767107
134 2445 0.6867599586325875 1.6791280988566766
135 2508 0.6782118930391412 1.7009554277421661
136 2375 0.6533818697907512 1.5517819407530342
137 2336 0.7117691310038673 1.6626926900250338
138 2211 0.7230611794062995 1.5986882676673284
139 2419 0.702469988764542 1.6992749028214273
140 2305 0.6496236637273791 1.497382544891609
141 2430 0.6807096699973549 1.6541244980935725
142 2383 0.6382084618079797 1.5208507644884157
143 2695 0.6028156654569499 1.62458821840648
144 2485 0.6667134224034429 1.6567828546725554
145 2390 0.6822203639024004 1.6305066697267367
146 2344 0.6872760868885315 1.6109751476667178
147 2404 0.7037703521575747 1.6918639265868096
148 2383 0.7009766477987085 1.6704273517043222
149 2328 0.70693982577141 1.6457559143958425
1 1883 0.3521715376285964 0.663139005354647
2 1633 0.3993805775392621 0.652188483121615
3 1852 0.34631683388483575 0.6413787763547159
4 2438 0.3306078042088308 0.8060218266611294
5 1797 0.42657083423906966 0.7665477891276082
6 1953 0.41957359634521163 0.8194272336621983
7 1804 0.36647185388851855 0.6611152244148875
8 1477 0.5120941057744778 0.7563629942289036
9 2000 0.3656317764457899 0.7312635528915798
10 1789 0.3913346122210164 0.7000976212633984
11 1882 0.44178645676914274 0.8314421116395266
12 2148 0.36896691752589883 0.7925409388456306
13 1828 0.40817662421781836 0.746146869070172
14 1898 0.3895141244250633 0.7392978081587701
15 1977 0.34924258637321715 0.6904525932598503
16 2156 0.3157897702068205 0.6808427445659049
17 4140 0.21077858899410304 0.8726233584355866
18 1992 0.42439529921586455 0.8453954360380023
19 2328 0.4145833796006949 0.9651501077104178
20 1946 0.4405593701519982 0.8573285343157885
21 2078 0.42865869394152645 0.890752766010492
22 1868 0.4060436277289724 0.7584894965977204
23 2039 0.50380943989332 1.0272674479424795
24 1781 0.36635750514548526 0.6524827166641093
25 1813 0.42869398448475415 0.7772221938708593
26 1875 0.3978675140587759 0.7460015888602048
27 1820 0.3694691843680909 0.6724339155499255
28 2328 0.3287540272869811 0.765339375524092
1 1782 0.566834188918954 1.0100985246535759
2 2304 0.4275955935949021 0.9851802476426545
3 1578 0.46718078490538173 0.7372112785806924
4 906 0.8882270591919847 0.8047337156279382
5 7757 0.4273841362438092 3.315218744843228
6 1867 0.65350950685713 1.2201022493022617
7 1805 0.48826543989218124 0.8813191190053872
8 1820 0.5951966854007473 1.08325796742936
9 1523 0.48923680047433366 0.7451076471224102
10 1805 0.49078314701216763 0.8858635803569626
11 1657 0.4293050182125299 0.7113584151781621
12 1812 0.49604074535705767 0.8988258305869884
13 1618 0.4471186266351414 0.7234379378956588
14 1820 0.5168764042645165 0.9407150557614201
15 2266 0.5920980713834213 1.3416942297548327
16 1711 0.42487766186373144 0.7269656794488445
17 1868 0.48755051009409484 0.9107443528557692
18 1891 0.43716889081099874 0.8266863725235986
1 1711 0.2829019782574476 0.4840452847984929
2 1656 0.3059308810970735 0.5066215390967538
3 2110 0.28569394261994246 0.6028142189280786
4 1727 0.290274576129828 0.501304192976213
5 1921 0.35606237555618714 0.6839958234434355
6 1750 0.34508248327385105 0.6038943457292394
7 1657 0.2919821241940639 0.4838143797895639
8 1813 0.33303934196831503 0.6038003269885552
9 1715 0.3847445623911373 0.6598369245008004
10 1656 0.25033566378860866 0.41455585923393595
11 1812 0.27428365122194204 0.49700197601415896
12 1910 0.349110512972562 0.6668010797775935
13 2015 0.272857040669678 0.5498069369494011
14 2312 0.33535823920761115 0.775348249047997
15 1703 0.2923117263322205 0.49780686994377155
16 1813 0.2995221352052419 0.5430336311271036
17 1773 0.2842947972858156 0.5040546755877511
18 1883 0.3534217762916183 0.6654932047571173
19 1714 0.31748375004653084 0.5441671475797538
20 1618 0.42212013198972986 0.6829903735593829
21 1711 0.2673868835458515 0.4574989577469519
22 1688 0.27588519587592114 0.4656942106385549
23 1664 0.2659139670574174 0.44248084118354253
24 1406 0.3387390100961789 0.4762670481952276
25 1742 0.3191337336473338 0.5559309640136554
26 1609 0.25581701935477846 0.4116095841418385
27 1671 0.2902727090657537 0.48504569684887444
28 2110 0.27396671688462465 0.578069772626558
29 2046 0.27023089550320956 0.5528924121995668
30 1969 0.3034555220059239 0.5975039228296641
31 1703 0.2928555286618512 0.4987329653111326
32 1961 0.2898822365617804 0.5684590658976514
33 1750 0.2949463176628051 0.5161560559099089
34 1688 0.3129022777519974 0.5281790448453717
35 1992 0.2742617580292811 0.546329421994328
36 1703 0.2609159113528804 0.4443397970339553
37 1679 0.28693755837193224 0.4817681605064742
38 1703 0.3053194611258417 0.5199590422973084
39 1594 0.35002134756045367 0.5579340280113632
1 1774 0.21462775305087578 0.38074963391225364
2 1594 0.20221886193813798 0.3223368659293919
3 1578 0.5427352959237521 0.8564362969676809
4 1352 0.294421612726573 0.3980580204063267
5 1590 0.27019067803300645 0.4296031780724803
6 1875 0.21088802901516437 0.3954150544034332
7 1594 0.22103909011431977 0.35233630964222573
8 1750 0.2883217061949198 0.5045629858411097
9 1578 0.2583602208462674 0.40769242849541
10 1607 0.2904896551630071 0.4668168758469525
11 1828 0.359249749341322 0.6567085417959365
12 1633 0.3062962118217275 0.500181713904881
13 1555 0.25264066153047915 0.39285622867989506
14 1664 0.3270280070742311 0.5441746037715205
15 1594 0.20138885804562848 0.3210138397247318
16 1672 0.25557935480717453 0.42732868123759576
17 1781 0.269468477621846 0.4799233586445077
18 2093 0.21498237949090615 0.4499581202744666
19 1586 0.27135289479480174 0.43036569114455553
20 1328 0.2816250599175091 0.3739980795704521
21 1555 0.27447724243733107 0.4268121119900498
22 1547 0.2388017360787326 0.3694262857137993
23 1586 0.23391782901766095 0.3709936768220103
24 2039 0.2638287328586266 0.5379467862987396
25 1554 0.20644380589685055 0.3208136743637057
26 1539 0.2090571957065389 0.3217390241923634
27 1906 0.23503622642050193 0.4479790475574767
28 1617 0.2255580755602543 0.3647274081809312
2 1570 0.43206626294737616 0.6783440328273806
3 1406 0.39425000173437724 0.5543155024385344
4 1540 0.40747382418732514 0.6275096892484807
5 1774 0.2934866054203208 0.5206452380156491
6 1461 0.46589184652382487 0.6806679877713082
7 1336 0.33146827506208026 0.4428416154829392
8 1415 0.33535004214210834 0.4745203096310833
9 1602 0.4832848173029655 0.7742222773193507
10 1656 0.29996739282826795 0.4967460025236118
11 1452 0.40347210353971796 0.5858414943396705
12 1781 0.36066226830732256 0.6423394998553416
13 1523 0.3578590537440933 0.5450193388522542
14 1359 0.38110125050525423 0.5179165994366405
15 1461 0.35779214464683906 0.5227343233290319
16 2117 0.40131311910434614 0.8495798731439007
17 1461 0.36341399532706725 0.5309478471728453
18 1336 0.3944583692288712 0.5269963812897719
19 1492 0.436969734773923 0.6519588442826931
20 1523 0.3776714223468506 0.5751935762342535
21 1508 0.46018244556852844 0.6939551279173408
22 1320 0.3324896899152461 0.43888639068812485
23 1590 0.4822431268556189 0.766766571700434
24 1563 0.36238763684516095 0.5664118763889866
25 1719 0.3095853586969575 0.5321772316000699
26 1352 0.3168609253357311 0.42839597105390853
27 1406 0.3726972353667789 0.5240123129256912
28 1422 0.3627905948263407 0.5158882258430565
29 1673 0.31976185777328037 0.5349615880546981
30 1727 0.3273516442729082 0.5653362896593125
1 5055 0.30458049467111936 1.5396544005625084
2 1820 0.5670161376458257 1.0319693705154027
3 1875 0.562334009002641 1.054376266879952
4 1805 0.5434835879728674 0.9809878762910258
5 1734 0.5777093269145441 1.0017479728698195
6 1789 0.5750036066133272 1.0286814522312422
7 1778 0.5325597388339158 0.9468912156467023
8 2078 0.5978741886600875 1.2423825640356618
9 1836 0.5601036679451087 1.0283503343472196
10 1867 0.5347648437972587 0.9984059633694821
11 1773 0.5406534467395894 0.9585785610692921
12 1883 0.5061104100112312 0.9530059020511484
13 1570 0.6118070089215758 0.960537004006874
14 1898 0.6023942274817081 1.143344243760282
15 1781 0.6030803149854439 1.0740860409890756
16 1891 0.6491113334075149 1.2274695314736106
17 2164 0.5867967249887086 1.2698281128755655
18 2375 0.752237284800863 1.78656355140205
19 2266 0.6686695642705615 1.5152052326370922
20 2070 0.6066834020218073 1.2558346421851412
21 2382 0.6243153653387884 1.487119200236994
22 2475 0.9131736554199343 2.2601047971643373
23 2093 0.58733494668112 1.2292920434035841
24 2529 0.6260992068757728 1.5834048941888295
25 2187 0.8765407134450822 1.9169945403043949
26 3095 0.5500309426666173 1.7023457675531806
27 2078 0.8640590548258363 1.795514715928088
28 2142 0.6388380578625156 1.3683911199415084
29 2172 0.6237299553271449 1.3547414629705588
30 1961 0.9344044380922544 1.8323671030989108
31 2453 0.5126564493060057 1.257546270147632
32 2445 0.7449050421247656 1.8212928279950518
33 2320 0.6798794152716322 1.5773202434301867
34 2328 0.6501893003173334 1.513640691138752
35 2320 0.7852924490663975 1.821878481834042
36 2015 0.8606399774307797 1.734189554523021
37 2235 0.6579671656113264 1.4705566151413145
38 2767 0.8635720099493542 2.389503751529863
39 3156 0.6324887449469602 1.9961344790526063
40 2828 0.8905791717468241 2.5185578977000187
41 2742 0.5820011959399513 1.5958472792673464
42 2406 0.8956133259877815 2.1548456623266024
43 2976 0.745111201557408 2.217450935834846
44 2680 0.6845246702215285 1.8345261161936965
1 1250 0.21956608567883987 0.2744576070985498
2 1476 0.2234220850977604 0.32977099760429435
3 1602 0.1929182076296902 0.30905496862276366
4 1211 0.2468410796719802 0.29892454748276803
5 1906 0.258515655129323 0.49273083867648965
6 1638 0.3357454759868889 0.5499510896665241
7 2257 0.28789016421925123 0.6497681006428501
8 1265 0.32876231868209205 0.41588433313284645
9 1625 0.2918806235630836 0.4743060132900108
10 1875 0.21227271502549752 0.39801134067280786
11 1445 0.34657542954266146 0.5008014956891459
12 1562 0.23997715961373325 0.37484432331665135
13 1919 0.2725921434220389 0.5231043232268927
14 1320 0.2513522053065562 0.3317849110046542
15 1578 0.2795886532969365 0.4411908949025658
16 1554 0.31148957088804186 0.48405479316001704
17 1601 0.2203504372509931 0.35278105003883997
18 1632 0.2300725618252025 0.37547842089873046
19 1349 0.3532123250789285 0.47648342653147463
20 1554 0.24049253900792847 0.37372540561832085
21 1563 0.22387703512918136 0.34991980590691046
22 1656 0.2509717865489945 0.41560927852513485
23 1328 0.2937223900226185 0.39006333395003734
24 1641 0.24782692447669163 0.406683983066251
25 1578 0.22606886051386932 0.35673666189088576
26 1297 0.27736730940104465 0.35974540029315494
27 1655 0.3341977516431664 0.5530972789694404
28 1961 0.2316156872756172 0.4541983627474854
29 1242 0.23803141294453667 0.2956350148771145
30 1343 0.29954169245073203 0.4022844929613331
31 1506 0.3008248447316285 0.45304221616583257
32 1633 0.2102509341439385 0.3433397754570516
33 2820 0.23994310810939115 0.6766395648684831
34 1547 0.20360295861038086 0.3149737769702592
35 1898 0.20542380967917506 0.38989439077107424
36 1711 0.2603107447799898 0.4453916843185625
37 1345 0.2976978269322827 0.4004035772239202
38 1219 0.22828312606703696 0.2782771306757181
39 1266 0.2574365688054257 0.32591469610766893
40 1789 0.27705329011581625 0.49564833601719527
41 1808 0.3261138809364498 0.5896138967331013
42 1688 0.5317312360860773 0.8975623265132985
2 4281 0.614258580501119 2.6296409831252903
3 2797 0.7105082105446573 1.9872914648934066
4 2688 0.6577900134464635 1.7681395561440938
6 1562 0.8093718330917313 1.2642388032892844
7 1578 0.724256237289992 1.1428763424436075
8 1071 0.7720601318870396 0.8268764012510194
9 1148 0.7920368730449621 0.9092583302556164
10 1593 0.7204835074826547 1.1477302274198689
11 992 0.7551670447142705 0.7491257083565565
12 1664 0.7615597087502544 1.2672353553604232
13 1586 0.7288322318709849 1.155927919747382
14 1118 0.7759435063796398 0.8675048401324373
15 1023 0.812306416193706 0.8309894637661613
16 1539 0.7346967152469883 1.130698244765115
17 1555 0.7301719272632299 1.1354173468943225
18 1023 0.8008235631587572 0.8192425051114087
19 1485 0.7207334966456224 1.0702892425187491
20 1592 0.7253639697594719 1.1547794398570792
21 1554 0.8109424863518672 1.2602046237908016
2 2750 0.6412777282301009 1.7635137526327773
3 2836 0.6493535257587806 1.8415665990519017
4 953 0.7801245514166881 0.7434586975001037
5 3883 0.6046337378618623 2.347792804117611
6 3229 0.6340749982815812 2.047428169451226
7 2625 0.6273008290017131 1.646664676129497
8 2711 0.6534354483374205 1.771463500442747
9 953 0.8016116005199556 0.7639358552955178
10 3015 0.6386260337980995 1.92545749190127
11 2704 0.6440257049038599 1.7414455060600371
12 2805 0.6569933761007418 1.842866419962581
13 961 0.810310237724638 0.778708138453377
14 3187 0.6342022934000076 2.021202709065824
15 2846 0.6089973567738327 1.733206477378328
16 2867 0.658814368505926 1.8888207945064899
17 2640 0.6351548256229902 1.676808739644694
18 2492 0.6395497950758359 1.593758089328983
19 3492 0.5917928480277698 2.0665406253129723
20 5378 0.5091522462947309 2.7382207805730627
21 1102 0.8396471846079001 0.9252911974379059
2 3336 0.6541283639436195 2.182172222115915
3 3180 0.639392548035815 2.033268302753892
4 2969 0.668876987705783 1.9858957764984695
5 3859 0.6510715397860332 2.512485072034302
6 3289 0.6536576755800928 2.149880094982925
7 4553 0.5755492097318358 2.620475551909048
8 2563 0.6717990178810028 1.7218208828290102
9 2093 0.7947326257269209 1.6633753856464455
10 4094 0.6563543890176259 2.6871148686381603
11 3350 0.6799634718125344 2.2778776305719903
12 7867 0.42843027661910155 3.3704609861624717
13 3909 0.6511537369318077 2.545359957666436
14 2844 0.690409913825646 1.9635257949201372
15 1133 0.8601596900146077 0.9745609287865505
16 3406 0.6485453295751941 2.208945392533111
17 1828 1.123727974043157 2.0541747365508907
18 2975 0.6916292239065869 2.057596941122096
19 2977 0.7863032400831214 2.3408247457274522
20 3305 0.7137016427422755 2.358783929263221
21 3073 0.6502063103140696 1.9980839915951358
2 3898 0.6785491307986696 2.6449845118532145
3 3601 0.6579996762552223 2.3694568341950553
4 3297 0.675667719519276 2.227676471255053
5 3523 0.6749186627670167 2.3777384489282
6 2875 0.7367697572979417 2.1182130522315825
7 3311 0.6687647057170869 2.214279940629275
8 3235 0.7313615045095497 2.365954467088393
9 3580 0.6494048434147632 2.3248693394248527
10 3071 0.6800287198809852 2.0883681987545057
11 3313 0.6743253323833934 2.2340398261861822
12 4024 0.667219856109008 2.6848927009826484
13 2727 0.7577444017110044 2.066368983465909
14 4016 0.6846570449430199 2.749582692491168
15 3438 0.6458621327732983 2.2204740124745994
16 3930 0.6640301007510307 2.6096382959515507
17 3539 0.679301196646116 2.4040469349306046
18 3399 0.7061070322682028 2.4000578026796218
19 3844 0.6861000172922423 2.6373684664713797
20 3750 0.7628520707113734 2.8606952651676503
21 3160 0.6908315012030557 2.183027543801656
2 4851 0.7668537071546176 3.7200073334070503
3 3992 0.7613870358326423 3.039457047043908
4 3860 0.7418398721242271 2.8635019063995166
5 4320 0.7349486108689294 3.174977998953775
6 3476 0.7813275640304399 2.715894612569809
7 4304 0.7028471127212007 3.025053973152048
8 4312 0.7347422337058415 3.1682085117395884
9 4384 0.7800363315169015 3.419679277370096
10 4546 0.6767982403746563 3.0767248007431878
11 3828 0.783033947408129 2.997453950678318
12 4179 0.7462761282893331 3.118687940121123
13 2593 0.902377113487657 2.3398638552734945
14 3790 0.75464960250973 2.8601219935118767
15 3844 0.761217139662961 2.926118684864422
16 4969 0.6803167489714401 3.380493925639086
17 3571 0.8698145612298668 3.106107798151854
18 4351 0.7417511526207813 3.2273592650530194
19 3578 0.7984718906438332 2.856932424723635
20 4124 0.7515601576686519 3.0994340902255204
21 3602 0.8286108907665527 2.984656428541123
2 4187 1.0143048186098382 4.246894275519393
3 5914 0.8604721460301893 5.08883227162254
4 5531 0.9386753664231535 5.191813451686462
5 7249 0.8203838700631958 5.946962674088106
6 5414 1.0592418847183807 5.734735563865313
7 5610 0.9720860358419832 5.453402661073525
8 4810 0.9205677205773167 4.427930735976894
9 5586 0.9321711634255586 5.20710811889517
10 5868 0.8915053268073481 5.231353257705519
11 5297 0.9163248911708426 4.853772948531954
12 5101 0.9390315959982087 4.790000171186863
13 29636 0.39930540808378867 11.833815073971161
14 4483 1.0825384907773017 4.853020054154643
15 4875 0.9509063699907129 4.6356685537047255
16 5820 0.8284679264166781 4.821683331745066
17 5234 0.8897341017211924 4.656868288408721
18 4992 0.9435801023691656 4.710351871026875
19 4757 0.9324129203192043 4.435488261958455
20 5085 0.9397077512375461 4.778413915042922
21 5321 0.9058366760382902 4.819956953199743
0 1460 2.014002016164631 2.940442943600361
1 4775 0.8092098311324409 3.8639769436574056
2 4720 0.7028042370356932 3.3172359988084716
3 6590 0.7224951970907105 4.761243348827782
4 4620 0.7466109636302958 3.4493426519719663
5 4955 0.6903706983321304 3.420786810235706
6 3715 0.7877344475385556 2.926433472605734
7 4015 0.8845570773548694 3.551496665579801
8 4740 0.8012099734803423 3.7977352742968224
9 4547 0.7877883848811287 3.582073786054492
10 7175 0.9595877773796695 6.885042302699128
11 6975 0.945330925734455 6.593683206997824
12 6918 0.9449887250931688 6.537432000194541
13 8923 1.0007192697755893 8.929418044207583
14 11105 0.8090251791459345 8.984224614415604
15 6476 1.0201216705531193 6.606307938502
16 6695 0.9082726954870453 6.080885696285768
17 5755 1.091053056115719 6.279010337945962
18 4460 1.026775552901143 4.579418965939098
19 8460 0.9820252643226309 8.307933736169458
20 7936 1.0882377809081316 8.636255029286932
21 7725 1.0746112884544936 8.301372203310963
22 8725 1.0029614106067024 8.750838307543479
23 14890 0.9092374084525805 13.538545011858924
24 6170 1.241057418988018 7.65732427515607
25 8640 1.0531515212094575 9.099229143249714
26 7775 1.0920605125960008 8.490770485433906
27 8466 0.9652289088191273 8.171627942062731
28 12385 0.8214567597266549 10.173741969214621
29 6749 1.146083260665938 7.7349159262344145
30 9059 0.9544163051240873 8.646057308119106
31 8627 0.9431229917420794 8.136322049758919
32 8463 0.974444873847331 8.246726967369963
33 8741 0.8891289304774631 7.771875981303505
34 9291 0.8225362979815309 7.6421847445464035
35 8780 0.8835678809601828 7.757725994830405
36 8662 0.9381575357134135 8.126320574349588
37 8600 0.8889645143598597 7.6450948234947935
38 8850 0.904396770752651 8.00391142116096
39 11100 1.0043350763920522 11.14811934795178
40 7705 1.1397210750710793 8.781550883422666
41 8868 0.947260362786878 8.400304897194033
42 11397 1.022122871768789 11.649134369548888
43 7880 1.0672914746144497 8.410256819961864
44 8475 0.9545950518673857 8.090193064576095
45 8709 1.0047370697607956 8.75025514054677
46 12215 0.935435593347741 11.426345772742655
47 7347 1.0899824398739375 8.008100985753819
48 8390 0.8886826871174799 7.456047744915656
48 8390 0.8886826871174799 7.456047744915656
1 3975 0.7850466995842424 3.120560630847364
1 3975 0.7850466995842424 3.120560630847364
2 2310 0.8032074808944082 1.855409280866083
3 6260 0.6837092353190257 4.280019813097101
4 5255 0.7262846328648997 3.816625745705048
5 3960 0.7569913476075181 2.9976857365257716
6 2650 0.8143503904865332 2.158028534789313
7 1990 0.8323016265702665 1.6562802368748302
8 3995 0.763520359108501 3.0502638346384616
9 2925 0.8441483895743679 2.469134039505026
10 7810 0.9145839123206434 7.142900355224225
11 8000 0.9366706320078606 7.493365056062885
12 7740 0.891180818585478 6.8977395358516
13 8170 0.8689019678532666 7.098929077361188
14 8920 0.9133941914184815 8.147476187452856
15 4835 0.9788169073641125 4.732579747105484
16 8410 0.9052030990543928 7.612758063047443
17 8715 0.8637462818242857 7.52754884609865
18 11210 0.7569556754217999 8.485473121478377
19 6609 0.9643030007846242 6.373078532185581
20 9395 0.8052105957170227 7.564953546761429
21 8960 0.8675033043516248 7.772829606990558
22 8650 0.8850668236863282 7.6558280248867385
23 7919 0.9015786837672708 7.1396015967530175
24 7775 0.9352802520744189 7.271803959878607
25 7395 0.9116728934959164 6.7418210474023015
26 7616 0.8967981305799586 6.830014562496965
27 7815 0.9262274130118181 7.238467232687359
28 8420 0.8752094335947295 7.369263430867623
29 11585 0.7425143422383369 8.602028654831132
1 3900 0.7988470249099112 3.115503397148654
1 3900 0.7988470249099112 3.115503397148654
2 5300 0.7786755743422995 4.126980544014187
3 7435 0.6281325654207537 4.670165623903304
4 4650 0.8061175141681863 3.7484464408820664
5 4878 0.6742981322733238 3.289226289229273
6 3235 0.6739286643995527 2.180159229332553
7 3605 0.7961717765914008 2.870199254612
8 3285 0.7898165417295635 2.594547339581616
9 4975 0.6904038612308327 3.434759209623393
10 5500 0.6224168872051927 3.42329287962856
11 2365 0.8322199413059113 1.9682001611884803
12 3750 0.7913799981860453 2.96767499319767
13 4381 0.8028193398991159 3.517151528098027
14 2500 0.8765969367302606 2.1914923418256516
15 5110 0.7654862494804182 3.911634734844937
16 5430 0.6962552590256337 3.7806660565091907
17 4565 0.7217616485653262 3.294841925700714
18 3170 0.8637326089134227 2.7380323702555502
19 5205 0.7548866525170955 3.9291850263514823
20 3605 0.8439822591497741 3.0425560442349355
21 3545 0.8454440148960758 2.9970990328065885
22 5125 0.7799940875585007 3.997469698737316
23 4919 0.7184364833063609 3.5339890613839895
24 5145 0.8162130227166796 4.199416001877316
25 2790 0.8435395458059864 2.3534753327987024
26 5360 0.7652389620955631 4.101680836832218
27 4915 0.82269150973014 4.043528770323638
28 5710 0.7614678593893134 4.347981477112979
29 870 1.2923257185022257 1.1243233750969364
30 6125 0.7001617994393526 4.288491021566035
31 3400 0.8519643749418792 2.8966788748023893
32 5420 0.7747516105937032 4.199153729417872
33 3600 0.8662886838854399 3.1186392619875836
34 3100 0.866225389923036 2.6852987087614113
35 5300 0.8320751811552173 4.409998460122652
36 4934 0.8058034202889253 3.9758340757055572
37 7150 0.6476400435910544 4.630626311676039
38 3832 0.9524865034318146 3.649928281150714
39 10645 0.7746553901116608 8.24620662773863
40 3655 0.9358960273700467 3.4206999800375204
41 3975 0.9019069040986812 3.585079943792258
42 8884 0.5980982922203999 5.313505228086033
43 3918 0.939907693695807 3.6825583439001717
44 5655 0.8576526430544706 4.850025696473032
45 6000 0.8206947695361646 4.924168617216988
46 4405 0.9142443315657967 4.027246280547335
47 6775 0.7795021905292315 5.2811273408355435
48 3990 0.9658135204487871 3.8535959465906604
49 5758 0.8786960908495869 5.0595320911119215
50 6914 0.738156945504758 5.103617121219897
51 3900 0.9560057888001047 3.728422576320408
52 5718 0.8406648571391901 4.806921653121889
53 8610 0.6361966175764203 5.47765287733298
54 5455 0.8828728433435997 4.816071360439337
55 5818 0.8792819197212385 5.115662208938165
56 5805 0.9496432658285261 5.512679158134595
57 5390 0.8798850805617322 4.742580584227737
58 6214 0.8146519945446473 5.062247494100438
59 5590 0.8900929321574637 4.975619490760222
60 3245 1.0280354518822472 3.335975041357892
61 6400 0.7692215691160884 4.9230180423429655
62 4175 0.905446786924294 3.7802403354089273
63 6000 0.8891047803951214 5.334628682370728
64 8770 0.7496955121630072 6.574829641669573
65 3955 0.9450404233412242 3.7376348743145416
66 6534 0.8455927762583841 5.525103200072282
67 7489 0.8247259119440066 6.176372354548666
68 4295 0.9964892302127145 4.279921243763609
69 5895 0.8221171228601312 4.846380439260473
70 5041 0.948683623217393 4.782314144638878
71 4997 0.8785037512166692 4.389883244829696
72 6040 0.9000006899021801 5.436004167009168
73 7065 0.8152206641286179 5.759533992068685
74 9595 0.7616189716927261 7.307734033391706
75 4795 0.9038104427556095 4.333771073013147
76 4783 0.9411394865486953 4.501470164162409
77 6690 0.9274165509728228 6.204416726008185
78 9881 0.6920974871671303 6.838615270698414
79 4870 0.9851751551722022 4.797803005688625
80 4450 0.9512530156115249 4.233075919471285
81 4502 0.9970746009443044 4.488829853451259